Camera 1
Matrix R:
0.9415451733860144	0.3363671464168609	-0.01870372382383355
0.01627106729860663	-0.1008594452230731	-0.9947676234569852
-0.3364935940585859	0.9363143249575283	-0.1004367763165645
Center:
1.504976922110498	-1.551676228487214	74.50542707527839

Camera 2
Matrix R:
0.9382635980408601	0.3451440230741508	-0.02317377672304346
0.02539874414159752	-0.1355465368215621	-0.9904453746429989
-0.3449874264193539	0.9287102560496848	-0.1359446060742388
Center:
1.245783838451497	-0.7920004531057039	74.49159021622201

Camera 3
Matrix R:
0.9994494793104209	-0.02033751174169072	-0.02621304870260942
-0.02822582747980013	-0.1059799203808168	-0.9939675845515066
0.01743677060723521	0.9941602698218394	-0.1064956193397566
Center:
-0.1779261585877309	-1.838840993678822	74.49064857485767

Camera 4
Matrix R:
0.9248533844758254	-0.3802617590078291	-0.006871088697077955
-0.05167721117648473	-0.107746807695277	-0.9928343725297277
0.3767966070290872	0.9185813083596623	-0.119300866986032
Center:
-1.846630469871035	-1.00184897553434	74.49374206713814

Camera 5
Matrix R:
0.9389030629624554	-0.3440382988551423	-0.00993414719941809
-0.0547106883823295	-0.1206885654533539	-0.9911816234906413
0.3398055016276981	0.9311669662792337	-0.1321374359289491
Center:
-1.759366292075193	-2.025450048512889	74.48972038444298

