fx: 
200
fy: 
200
x0: 
100
y0: 
100
s: 
0
