fx: 
1.23
fy: 
1.234567890123e-13
x0: 
0
y0: 
0
s: 
0
